022325
005686
008692
179437
006802
011188
145049
030383
009699
008935
015354
011453
116526
135484
004011
002943
002562
006291
005762
001394
008264
004628
005895
008007
012850
002455
176282
005038
165123
003226
010093
011220
180711
023798
006829
004371
010443
143974
132502
014565
006920
003848
001572
005667
002724
003930
006742
006097
009705
005399
029819
001301
007228
005662
004850
024379
007618
001327
010790
001623
006734
066446
005025
003613
001722
112168
021375
004060
004393
002312
009772
009487
004611
001651
004383
316056
002731
006877
006335
025658
003650
065345
120093
002839
008972
029127
001380
003419
142460
003278
010082
186942
003078
001762
004961
002146
012233
003466
024318
006941
005501
013125
003810
010482
006846
009280
001690
007567
034410
260774
007562
009880
009351
008286
023978
001528
013714
004159
002290
063766
014650
003459
061574
001560
005321
005171
002845
008694
010669
016478
064768
009369
186951
001161
006318
001803
001010
009411
009812
063099
065351
008475
008794
007984
028034
014590
165746
012138
179534
003580
004540
157855
008202
010649
001098
013700
015417
009405
006066
145552
007701
008446
004494
006809
001177
009408
175955
003024
002751
030098
165052
005848
002796
009899
005843
004864
066065
024008
007515
011049
008151
001598
016476
024607
009359
002322
179621
002281
006375
003413
008470
010614
031774
026590
061591
029830
008539
116245
157858
028256
005342
009819
018086
004073
008247
002193
005654
015708
179700
011274
010726
011228
009195
001976
002095
007806
010684
027845
006781
011465
011135
003015
001487
029173
186939
010301
114524
003491
007082
004689
023943
001057
007892
002456
001013
128978
028701
009904
063643
020686
007574
008208
029849
001481
014960
003463
027766
064967
064891
105365
006387
005856
007260
008479
025283
001070
004843
008875
005125
005435
186935
007658
021504
011831
026709
007017
011811
011609
006495
066731
007637
128659
004503
002998
187080
170841
005754
003504
061388
008463
015426
017874
004093
009967
010091
010066
183257
002789
012689
003026
006223
007155
180652
012216
025988
124434
186950
065967
024975
166451
113419
007536
003276
002019
061738
016245
007921
028499
017928
003734
007067
065290
007409
136725
010867
004517
010199
026304
004204
013341
066368
266101
005151
145701
023119
186919
009451
137232
008804
025944
142953
135990
001040
009977
024893
010897
008974
007366
009113
007733
002663
113491
186927
011306
007238
005745
006861
122015
006450
004790
003067
033326
009882
009653
010950
064853
009002
004521
003416
010247
011399
005860
002111
004242
012151
015106
009203
143357
010003
007152
004536
013121
007980
002328
028139
007475
003473
001746
006367
009114
013721
061567
187086
004508
006653
004652
011314
004205
010815
010016
007174
009126
010197
005872
012053
004094
118122
027867
013990
010789
002892
025124
004682
028930
006222
007707
002403
005723
003112
009463
035168
003030
186989
002055
007991
010744
001465
003105
009456
001581
014624
061739
012124
017110
007912
002316
010837
003208
001300
002710
007780
003066
005169
001192
010039
007674
125595
003221
029241
007068
064356
013619
014359
010909
144119
011678
005301
186944
036203
008488
007298
006819
006914
004050
142811
006928
004458
017130
001489
012441
005148
009775
004710
012788
062655
011985
028320
007659
003532
025157
140033
063527
003062
029751
004430
005229
007163
007773
002559
011038
005693
165993
006669
011405
027780
001409
170617
062599
020116
001920
004605
032106
005878
001998
002085
005669
011600
013003
003142
003511
065904
002159
008123
005606
003059
012578
160888
015520
062984
001837
007139
005020
020232
011925
004654
008746
060979
010420
001429
011550
141400
007148
061489
160991
003642
013988
013133
008406
007977
024344
029984
010510
001965
009965
002393
006701
004510
186940
009063
009783
004189
187128
010640
006878
010816
010894
010407
294524
140541
015267
003980
008290
003243
001831
002529
003869
160225
004194
008787
007021
029736
002490
187087
160211
010972
038821
010453
005877
065772
005783
002220
002029
063800
004321
061483
034636
028742
009618
005458
010232
010795
030822
022140
037489
002110
006834
062689
008099
001392
010818
013888
007620
186924
001602
011818
024405
010885
006651
008810
009777
004979
003905
010332
003336
007276
003662
004672
126721
003652
007089
009303
010587
010946
014477
013510
003039
005256
065417
189491
031887
003130
011433
001738
005063
002549
014331
024800
160256
028195
001318
003460
008975
009465
004719
011515
005744
008717
152149
007091
023809
026011
025356
162129
004674
010121
002104
007994
113490
010903
003733
012141
008198
006078
001428
154357
012726
002176
010672
020430
023238
004598
010277
003398
015202
010576
010035
011259
004066
011376
011672
028119
029733
003928
005786
007772
003480
005597
005270
005505
004780
001230
007875
031587
010639
005842
010621
010109
002541
011282
014438
007727
016475
005563
012142
029099
010868
023877
121382
023827
061464
001609
004314
023812
002255
158354
003386
035035
006276
005574
010503
006998
028477
011636
003535
005581
009911
009299
001878
006547
165675
158742
007974
063645
006726
010956
011105
003200
005245
014152
141913
021808
001447
010391
007131
024287
001302
003170
003760
030990
011436
005088
005657
163946
134845
187095
003851
133366
009545
002122
023945
011115
005718
002051
027786
160255
001678
002847
010846
199356
002080
007065
014822
180395
150937
003144
010097
002044
008272
004699
011296
011502
031549
009560
011266
006310
009155
005074
007413
027638
009459
003373
010393
006796
007724
007146
017120
014418
004207
006486
005905
110179
144559
012540
016721
010329
003841
006788
186106
006268
030865
141459
120877
011535
001221
006994
009293
034443
006810
010540
009514
122841
007675
004040
011288
110685
031673
005361
010190
008606
001440
003680
008549
009483
002574
117768
008068
013561
020779
012389
001891
028191
007534
011264
002849
008215
011466
004800
003125
006529
024731
010160
002783
003782
005492
002827
007156
002230
002443
003167
006990
001608
004087
260778
004688
009298
027914
008407
012679
024197
016243
007116
010405
024357
004021
198058
026061
006216
008455
003282
002444
011280
119314
014623
002938
008468
013498
003224
010631
001753
029791
012256
003835
009372
012886
009555
028648
026156
007648
008004
002434
114628
014489
009846
062374
065554
002547
005870
186930
002806
002226
011506
160776
011284
002439
006565
025783
002817
011278
030203
010187
025279
006702
031122
001279
002987
028338
002435
005109
010507
008253
184996
005885
065609
125533
002086
008325
005518
004240
015709
028790
002991
007267
003310
002489
012635
014878
162254
005216
010608
012884
010581
008304
009395
012338
006648
005767
013099
003670
029875
003813
014275
111864
003176
013599
001209
178507
003022
005211
187697
007870
007099
015208
007343
007076
009737
186941
006523
064821
005080
017239
008626
010156
012681
012978
029095
007085
007985
004417
114303
009103
003411
006765
001628
063892
008044
027333
008828
104432
009963
184700
003641
005378
178704
005824
009381
005439
007138
004323
139662
012756
006815
005047
008551
006241
157057
010530
003746
025056
010519
001253
009667
063605
005742
165914
010920
003964
001449
009320
024925
024616
010974
004103
005589
005163
010096
009761
006635
003439
265975
020904
149337
008823
011993
009149
003610
027800
025338
002478
008530
062602
001246
177264
004029
003054
008811
025880
001215
001596
011456
007003
006831
007938
007063
022260
001365
009771
162448
064925
061513
031846
012603
011555
009581
008245
004988
009234
005979
009377
006418
005725
007257
005314
064410
007837
011359
006096
003987
007141
021825
022734
029968
005172
009357
016101
009625
007967
009117
028590
003011
004895
007672
015084
062897
005462
005060
005709
006288
009316
002189
174022
010115
009036
002436
020228
007075
024316
001663
110536
004723
012144
140760
063172
011040
006036
001468
009297
003955
004995
001062
030137
010412
028118
160479
004700
014324
009635
007711
002301
001194
002661
004937
007862
006774
010948
012950
003502
006531
010983
007617
003041
005696
013961
145046
011554
184725
004839
186310
006338
012485
003586
036190
001661
177376
029901
174729
005079
004062
001387
163610
149070
188255
008750
063501
164296
011446
061552
002775
006502
014932
006058
004512
003708
015521
011649
001517
004462
030128
005234
003568
177267
147175
010017
005468
147579
007906
011032
001430
003897
008537
004920
001990
029389
007162
007061
001356
008536
004595
064630
001308
002920
004016
028070
008543
187450
012564
020423
027965
001111
003814
005331
003506
006730
175263
186936
148349
010001
009111
004183
029028
003627
064156
161844
014256
010970
004990
018872
009380
007007
012589
143356
009267
011440
010553
006381
011060
028349
009872
009168
010860
001995
162887
005077
065576
011247
005261
013646
009810
005776
004475
004560
007555
008252
007554
009850
065048
006260
005134
001567
062263
030095
001240
008502
011687
020653
007866
008937
020748
001078
011047
016751
009406
025119
002698
005966
002024
011691
024617
144009
011277
033652
009224
144066
006799
160785
009404
004724
004470
007154
008402
004768
005871
004108
005543
009523
008852
186938
001620
004601
013644
141384
029649
001758
011396
008352
063080
036691
002670
003863
001755
006864
006104
005775
003446
003527
001133
006807
016784
011459
028733
008545
029868
004056
001485
013948
126296
001075
005968
009226
010571
011130
004076
003121
002994
009673
010495
008214
066708
007990
002917
005087
006394
186931
013365
001359
186912
030344
002129
028192
023592
027928
003593
004940
002184
009864
009744
121077
028180
008331
003255
007697
005816
177884
014225
065886
018043
178310
062634
002504
010873
009009
002558
006682
160329
008657
005328
002989
026381
064166
008820
006952
005349
029804
007881
060900
007982
015247
008889
011584
008430
175319
008193
006319
001925
004973
004841
180167
008617
001619
004145
014934
008898
004213
007254
001848
006266
009225
112033
030697
008960
005187
010787
020548
004737
007679
009947
001043
008030
007750
007435
001045
061413
150699
145977
136648
006828
006403
002433
008805
002285
002968
008370
009217
003497
006351
009008
149318
007922
018699
004600
010466
126136
009064
061409
010809
024032
061420
006821
009766
061676
004818
001408
126554
008005
006251
007127
063669
138205
005055
004558
022815
011379
063180
007171
007506
008796
176928
009312
031166
007992
008873
009778
003735
015414
024870
149738
013041
002864
011366
009445
029345
004945
137131
001988
006768
002272
008596
121718
004603
174130
006361
002269
003107
119417
006868
009577
020515
005054
007167
006435
030293
004732
118577
186949
001913
003249
003645
186945
003362
009563
029150
004885
007252
007923
001243
009248
006081
007077
009556
001164
011814
010490
003426
183377
013028
014824
010774
007186
005643
036191
011413
013499
025340
008118
008585
001789
170750
024803
004951
030490
007950
002729
024856
023250
012459
011856
001704
010243
174490
005735
003091
009104
180405
010855
003206
005680
003555
005964
007970
010320
186921
005959
007585
008501
003454
006178
002418
005568
006025
007180
029392
008022
010499
006038
133768
183736
006136
007457
006557
009258
005141
013204
008093
002157
034053
013440
007040
011300
011923
003919
004367
146017
008308
002154
003470
006583
060894
003352
010705
004739
003705
010488
014282
009548
001362
002136
030259
025313
027119
010931
015855
004058
008621
326688
006649
001414
022794
009061
007495
004449
162906
014535
007647
011347
164708
187077
139665
186929
006363
024468
024782
029356
028877
005071
005781
005046
006226
003505
009266
005306
002014
186933
180833
006304
138743
010984
024216
006733
004769
001794
004764
171007
010857
010426
003619
001239
061494
001632
030923
012206
012136
003660
008358
175404
010580
029318
003231
008299
034765
006008
186914
011462
011910
005605
186917
186947
002102
006856
003542
002270
100873
010558
005476
060992
007650
184500
002283
010793
009004
004154
006475
034051
007784
005250
010823
008762
026410
004423
007904
007241
007739
001573
187117
001420
011050
002884
025434
002424
176404
025495
013421
006127
100243
005382
009611
006307
001478
007745
005073
155394
004640
012123
