49154
65541
32791
65568
32803
57381
16424
24619
16431
16432
90162
24627
24635
24643
24651
90199
24678
32870
90215
41080
41081
24707
90248
24715
57488
16538
16544
90272
16571
24766
90305
41160
90319
73940
16598
16600
32986
41179
49373
57568
24803
16619
24811
90352
57592
65787
90373
16651
90386
82196
49429
24854
65816
33056
16678
16686
16692
24889
57665
16707
65859
90435
90441
90442
16723
65875
90454
90455
16731
65883
24942
16758
82298
82303
82307
82308
82309
90505
41355
90520
24985
65947
24993
16803
90537
25005
16816
57779
90547
25013
49592
25022
49606
57809
16851
41427
57817
25056
66018
41443
16870
90601
66026
25072
90609
49656
25081
41478
25099
41486
49680
66069
16926
33312
25128
90664
41515
66093
57904
41523
25144
66114
25160
16969
66122
49744
82515
25179
90721
25187
25195
17005
66157
17013
25216
66181
25232
82581
17048
17056
82598
17064
25267
90805
90808
82618
41662
17099
90829
82642
82643
82647
82651
58085
17128
25320
58093
58094
17137
49905
41718
17144
25339
82686
49920
90880
82705
66325
25371
49955
41785
17216
25419
17232
66384
82775
82776
50017
90979
50024
50032
90993
17267
74617
17278
17279
25478
58246
17291
25487
17304
17312
91041
25507
25515
91063
58296
17340
91068
41929
58318
91103
41953
25574
50156
25582
17398
25590
33785
91143
25611
82959
91152
33814
50200
17435
42024
17451
58413
25646
50227
25662
17478
25670
91207
17486
33873
91218
25689
42075
58464
25697
91233
42083
58472
17515
42091
58480
25718
42104
25742
17558
17566
83111
25769
17582
25778
17590
25785
17603
83143
42200
50403
50404
58596
34024
17646
34032
66800
91380
17654
34040
42235
91388
91391
91392
17676
58640
25873
75030
91416
17689
75034
58659
17700
25902
17718
25910
58683
17726
91461
17742
17743
42323
17750
75100
25953
34147
75107
50534
17783
25988
83332
17806
75154
91547
91556
17830
75175
75181
75186
58819
58827
83413
75224
17881
26075
91611
83421
42462
75241
83435
83440
83443
50681
75257
26112
91650
83462
26120
91668
42526
17953
42534
17961
26155
50737
42550
75333
42569
75341
42585
18016
42606
58990
18032
83583
59010
83596
83597
18065
83601
18067
75423
42657
83621
18091
18092
26286
83630
26294
50876
18112
26307
91849
26323
50905
50906
26332
18142
18143
75489
18147
91883
83693
18163
83699
34550
75510
26366
42753
50956
26382
10006
26390
91926
91937
26403
59176
42796
10030
59184
75573
59192
75577
59205
26438
75591
75592
10057
26446
42833
51027
59221
75607
10078
26462
51043
18278
75625
59248
10102
10104
10107
10108
42877
75646
75647
26497
18312
18315
67467
26518
18327
83862
10137
10138
18331
42906
10145
10147
59300
26534
10153
26542
75694
10161
26550
34746
18366
59328
83906
18374
26569
18382
59345
18390
92121
10209
18403
18411
10225
59379
18420
18421
67571
42999
10233
18428
92156
26622
92157
10241
34817
83976
75789
18446
67598
59408
34833
83981
83988
18454
59416
26649
34841
26657
84001
10276
59432
75819
59440
75825
10292
75828
84020
26681
10299
51263
84032
59459
84036
59467
92239
10321
75857
10324
26710
43094
59483
26729
18542
10353
26737
43123
18550
18551
10364
43132
10372
92293
75912
18569
18578
18585
18592
10401
84129
92322
26788
51369
51377
43203
10436
26825
84176
18649
35044
35051
10479
92402
10487
18681
10495
26884
10516
10524
43298
18724
76070
18729
26921
76076
76082
43318
76090
59707
10559
76095
10562
43342
10575
43350
76122
35166
10591
76129
51561
10604
76149
84342
27000
10623
51588
18825
35211
51596
76171
27027
84372
84373
84375
18841
76185
84381
27043
59811
35238
51625
76201
27051
43449
92602
76226
92611
18884
10693
76230
92614
10696
92618
27086
27087
76240
68049
10725
10727
18921
27115
43502
10735
92655
43510
51706
76282
76285
10751
18948
27158
59926
43553
10786
18980
92709
27174
10791
84519
27182
68144
27190
10807
18999
51772
10823
19019
19027
51799
43609
43610
51801
92772
27238
92778
19051
43633
10866
10874
27263
10890
60046
10909
27297
19107
19131
10942
60097
27342
68304
10970
92890
19166
76512
35554
19174
10989
68347
43772
19203
19211
76557
76563
76565
11033
84761
27422
84767
11041
11042
84769
19238
27430
60206
84788
76597
19254
11068
76605
92988
76608
19270
52038
76614
11081
27465
76619
93002
76624
27473
76625
11092
19285
19286
52062
76638
76639
19297
76644
52070
76656
27510
52090
19334
11148
43916
27537
11156
19350
11164
93089
76708
76709
76712
27561
93096
68523
19377
60337
19385
19393
76744
27596
93132
76754
76757
19414
27617
19430
93159
68591
27633
76795
11260
76804
52230
11287
60441
60442
44062
11295
85032
76841
85035
11308
19502
19510
93246
27713
85058
11332
11340
85072
19537
85073
76887
60506
11359
19553
27748
27749
11367
19561
52329
27756
11375
52337
27764
11391
19583
19589
11403
11404
19596
11415
60572
19617
36003
19625
44206
11439
27828
11447
60599
27836
27852
11471
19668
60628
19684
27879
19692
77037
93422
27887
44273
93429
85238
68857
52476
93436
19713
11527
77063
19721
85257
27916
85265
27924
85269
11543
85271
52505
36127
11552
27940
44329
19756
19764
27959
19772
77129
27983
11600
52564
11607
27991
77150
19807
11618
28003
85348
77157
11626
19828
77173
77178
19836
77182
19844
11658
11674
69024
19879
60839
69032
11690
19887
11703
19895
28089
60871
19916
85459
28118
52695
44505
77274
19932
77281
11746
19940
52708
28134
60900
77284
11754
11762
11770
19967
28169
11786
85516
60943
28177
85522
77338
20001
36397
77357
11826
44601
60986
28222
20036
11850
20053
52821
85592
20057
85593
85599
44644
28265
77418
44652
20079
11891
36468
36469
85621
11896
28281
20095
85631
61065
28310
77462
36505
20124
85663
77481
85675
11949
11955
52919
77496
28345
28353
11970
20167
11976
11981
11983
11997
20191
28388
77546
20204
52978
44792
85753
20220
12044
20239
28433
12052
12060
12062
85792
12067
77605
77606
20263
12073
12076
12079
12084
61241
12095
28484
53065
20298
77644
77649
28505
53081
77659
12124
77661
28513
61284
77668
12140
85869
20343
28548
77702
12167
85908
44951
12183
85913
85914
12191
20386
77730
28580
85926
20394
69550
12212
20407
20415
77768
85963
20431
45014
61399
69607
85991
53225
20474
20482
86021
45065
69649
12308
20503
45081
86041
12319
20511
12343
12345
61516
12369
20562
86102
20570
86111
12394
36978
86136
28804
86158
12431
61583
20626
77976
53401
12448
12449
86176
69796
12456
45225
12458
28847
12466
61621
45241
20677
37065
12490
78034
86228
12503
45277
12511
61663
86239
53479
20714
37102
20730
12542
12546
78083
12558
12570
86305
61735
37161
86314
45356
61743
86326
78139
28994
86339
12622
12623
12626
86356
61794
12650
53612
53613
45428
20853
61815
12669
86414
70033
20896
12706
37284
20909
29102
45495
78263
12730
61890
70092
12749
12757
86496
12781
20976
20984
20992
21004
29196
61970
53786
21020
45604
12837
45620
86580
21055
86591
53831
12872
70229
12888
45663
12896
53858
45671
53866
12909
21119
21124
12933
62092
12941
53903
21151
70308
12976
53938
12981
45751
21178
70332
21186
62148
86725
21194
13004
37584
13012
62164
21207
45794
86756
70376
13035
21231
54009
86783
13056
13063
86799
21266
21274
21282
21290
13100
62252
13103
21303
86845
13119
13135
86868
13141
13142
13143
45911
21338
13151
21346
62308
70500
13168
62324
70519
21370
21371
54148
70536
45970
21397
13210
86946
54181
21418
21426
70578
86964
21434
86976
86979
78788
21450
86996
13274
21469
13290
21485
87029
13303
78840
13311
21514
13323
87055
21522
21530
78877
87070
62498
13354
13356
21549
21557
62519
13370
78916
21573
78927
87127
13407
87137
78946
78968
46201
13434
78975
13442
13447
78987
21645
87184
46228
38041
46252
54447
54463
79041
21709
38093
46288
79057
13522
29911
46295
87267
79089
79094
29946
87292
13565
13567
79103
87299
79108
13573
21768
29962
38156
79119
21776
13586
21784
79129
13598
21792
79145
13610
62770
46391
21821
13637
13641
54615
71001
13661
79212
46447
62834
30067
13688
13696
79237
38280
87432
21901
79250
87445
87447
13721
79265
54690
21928
21936
38324
13760
46544
21979
13788
79323
13792
54754
21995
13805
87536
46578
87541
22007
13821
22015
46594
38404
22023
71175
22032
46615
13856
54827
22066
79411
38455
22074
22082
46658
13901
46674
63060
13911
22103
46682
22111
13928
87657
46703
13936
63096
22138
30330
13949
71298
63108
13963
13964
38551
22170
30365
13983
46754
87717
22189
30382
38578
14008
79545
14011
79547
22218
22242
79588
22250
14066
87800
46850
14090
22293
79637
63255
38682
46877
22306
87842
46886
55079
38703
22330
79678
14154
46922
79698
22365
79718
38762
14189
22381
22402
14218
22410
71563
79764
22429
79782
79785
14250
55212
47028
22461
38850
14277
47052
14295
22488
14297
30681
88031
22496
38885
47079
63467
22509
38893
14322
14323
22517
14338
38914
22533
71686
79879
79881
22541
38930
14357
79906
22568
79915
47159
55351
38973
22592
14402
47175
22613
71765
55386
14429
22623
79973
22648
14461
14488
22680
14496
47271
22699
14509
39087
80055
14525
30912
47300
14533
22728
14541
14542
80080
71889
88281
30940
80094
22752
22753
39140
80100
22760
14579
88313
22779
88319
14592
14593
22787
14601
14613
63765
22808
47386
88352
71984
80183
22840
63802
80191
14656
88388
14664
22859
80204
63830
22875
39263
63845
39271
47466
22891
14702
14704
88436
14714
47482
88446
47490
39300
55685
14728
22920
80266
14736
22939
80286
22947
39335
14760
14763
80303
14776
14779
80320
47562
14795
39394
23018
14832
23026
80381
23050
14859
47626
88587
88590
80399
14867
64020
80406
88601
80410
80411
14882
14883
39458
23077
14889
14891
23085
14904
14912
64064
39490
23114
88661
80470
88664
23130
14939
88668
39538
80506
23165
80515
80539
55976
23210
80563
64186
23229
15042
23237
39626
56012
64207
23253
80599
39642
15069
47837
15077
39669
23288
23296
88837
23309
88845
23317
23318
88853
47896
64282
88860
23325
56098
80678
80681
88873
15149
23341
31536
15157
80694
64311
15165
47941
80711
39765
23384
64346
23393
15202
47992
56186
23421
15237
64390
23448
56223
23456
88991
15272
23464
56232
31659
89001
89002
89003
89004
89006
23473
89014
23480
89017
15291
64451
48071
56266
23499
23501
56274
15317
39896
64477
23528
15341
39917
89070
23536
89071
48119
23552
15368
80913
89105
31763
64531
72726
23579
23587
15401
15404
15408
64565
39992
23616
40010
15448
89179
48223
15456
15464
89195
23660
15472
40053
64629
15480
40061
15488
89216
48258
23683
56450
89217
15499
48267
64653
48274
81045
81055
23712
56485
81061
15528
23720
89258
15536
89269
15544
40125
15553
15560
40141
89301
15579
48354
81126
81138
23800
56573
23819
48397
40221
81193
15659
23851
89392
89393
48434
15667
23878
23886
23887
40272
23894
64856
15707
15712
23907
48485
48486
15719
15720
23915
40301
81262
89463
48506
23931
48514
15747
81285
32141
15763
89495
40352
89508
48549
89509
64936
73139
15797
23990
48565
89525
89533
24002
24010
15819
32205
15835
89565
40416
15843
64995
56805
24037
15850
24046
40432
24053
24061
48653
89617
24088
89626
24096
56864
40483
40484
89641
65066
15915
24109
81481
24141
48725
40539
15966
15974
15980
24176
65138
24184
32379
24192
81540
24205
16029
24221
89757
16044
89781
81593
40635
24264
24272
89813
16087
16088
32475
16109
81655
24328
89866
81677
24336
40723
81696
24360
65330
32563
40758
48960
24387
81736
16205
40790
89954
81774
81776
49015
65402
16256
40838
16267
24459
57234
16276
40854
16279
16280
57250
90038
24504
81857
32707
16336
16342
16343
16344
90071
16346
16347
24539
16360
90090
24555
24563
24571
90110
